value_score,usage_score,risk_score,growth_score,support_score,segment
-1.132242986169908,1.763720425471052,-2.555797363347925,-5.719100182338732,5.266585693542936,3
9.574497945588258,-4.66510716633523,-1.8152483832275386,-1.515483699341698,4.7531886231503115,0
7.992499984634112,7.017704041500056,-4.847099445260287,7.197780707170396,2.9398044870138103,2
9.70807948677755,8.373673948391728,-5.639856833330024,7.906019215255962,0.5169814832602109,2
7.892046347320665,-6.900927541368661,-2.7235455544164244,1.4983567728719098,2.0281557446868486,0
-4.189403730549143,4.291926452891723,1.3276749827303627,-2.6658830323364233,-2.6840759976668647,1
3.6090745942777662,-2.4887640590827043,1.6813247260906592,-6.776338930986549,8.215674826910634,4
6.34863645180368,-4.01428061635238,3.2541073122319655,-8.460215396473417,10.52767120860874,4
7.258768651162557,-2.776637790370091,3.20470069453204,-9.720686352226597,7.301064344076816,4
8.413268966458098,-5.250949976002023,-1.5423816271284356,-0.6155715471652224,4.980828960647623,0
9.641621251516616,-5.169340368386962,-3.017598125466219,-0.013476020858440463,2.2089161108383903,0
4.271380942271646,-4.523365484464569,0.835514876207276,-7.231062392838085,9.851186704859247,4
4.425021272953297,-2.0787733019286336,2.2675487353339605,-9.330380899998957,7.057582733754529,4
-6.8058538787759995,5.391788789618138,1.9329046026423382,-1.8421484604588938,-2.393691025341968,1
10.073269493327828,8.117228539224948,-7.45312568121129,7.803517580380894,1.2884899336743048,2
-2.962848374711574,5.694188352530382,-4.218422373103089,-7.837334238587312,7.866183764749176,3
13.050142384165067,-4.6663490188278685,-0.6795776736123881,-2.0383782695543657,4.192923384064656,0
6.887120065494084,8.759988987103608,-6.774478686311793,8.500586378636475,1.182552559901393,2
8.97336676994383,-4.817388877625,-1.4766559654498141,-0.1570867577731242,4.034212965923487,0
-3.25663704252386,5.1485393586108446,3.0357650687182303,-2.8390459677659226,-2.039781257866411,1
1.7178952398996135,5.0462443975517735,-3.2581660914096076,-6.972950269105987,6.041929248675315,3
9.095575550214773,9.307926917155696,-6.03793720880333,9.94903023362071,1.4971295228737111,2
9.593552336279677,-6.242182086685591,-0.8080669538190318,-0.6525123744716486,4.40005987164272,0
-1.233864573258137,4.32288419283427,-4.632064201733174,-5.207825688885793,7.220793937930795,3
-4.987917719427097,6.52067470979809,1.085704148245591,-4.291071076524344,1.2731787100597987,1
10.77942245678262,-6.828793833638424,-3.281906527559823,-0.9954045221122346,1.7436542156356436,0
-0.8999175050026527,4.017040924624811,-4.483689688196298,-8.011251327144684,6.108501317817808,3
6.769372599042994,-4.269777688022687,2.2763722515583615,-9.647814201862113,7.504351583369849,4
-2.8534884756345855,7.9665452122401135,-2.15127082669742,-6.38715755188537,7.4856095832646705,3
-5.452059156093415,5.864733980553149,2.4362876701440324,-2.0212990182195965,-2.4490277731501364,1
-6.894343052903448,4.366670520374079,2.1910078381792357,-2.5989036748974494,-0.21926459285013666,1
8.468613642753686,-3.039222999212032,-3.1462895130243194,-2.7042732186039933,2.4756334421582284,0
7.342376254154862,-3.130630801493975,1.2251358866257203,-7.071233209577042,9.966889223338313,4
-0.08428426093917718,4.040153779475368,-3.600744443620997,-7.800806051788189,5.325859148434089,3
-0.11898352177336113,2.6274383893791136,-4.783778051482906,-7.6869750485381845,4.7389903055237745,3
6.747440910264589,-2.3757707075713204,2.631880967167575,-8.581656993724721,9.78892466529547,4
9.51547394241064,8.568645622595387,-8.873333823878976,8.474111640630284,1.0895403618671446,2
-1.7325602563583111,5.532545135063133,-5.511290582153027,-7.817593854476351,4.433475431031832,3
-2.200361951443904,6.662693356590012,-2.1079639798897984,-8.079137052674923,4.9636723743448385,3
11.15783299069162,-7.1397283292339875,-1.5857410764941477,-0.5187819744927189,3.2058240221390935,0
8.84285924637805,8.549596379598636,-7.472827877126629,9.08218490869407,3.849998218429878,2
1.9529270072581806,4.815831001265104,-3.797687501408387,-6.83128291345971,5.385280329829525,3
5.9584944571683325,-4.140540888217553,1.9603152458891397,-9.880577436694495,9.09645454371532,4
-1.8322112587959738,6.283344217671844,-4.264322337266484,-8.047313164267786,7.3749369985875655,3
-5.343464590527568,5.5759548890219035,1.5236457076403889,-3.6887727578001948,-2.546766239205655,1
7.996264519772198,10.672313151783682,-7.532446470003283,8.967902137949041,1.654484167036758,2
-7.786213657753794,4.778724612009384,1.7250210287157246,-3.4533389614260934,-1.5130057825509136,1
9.129575810638118,-5.167866373392868,-0.8633795647027963,-0.7245149741131303,4.417818288771847,0
6.116089126778287,-3.181550126032165,2.4951301386763483,-7.615247169357123,8.959206894850114,4
10.629501348880927,9.285923330011538,-7.922421509144586,8.661950390954948,0.8422244697553027,2
-6.851147195991333,4.4180561200628485,1.89435343721807,-3.004598424940298,-0.6474767511688888,1
-6.495460713096244,4.62851645070478,2.18876754476098,-0.29516754608945117,-3.0807455767632916,1
5.5015124899573875,-3.30013542462009,2.4651171353846144,-8.005856063209125,9.488886794464161,4
7.289716082286162,7.950236576230231,-6.0713788625595635,7.456683993025595,2.4703113168779254,2
-1.0552290730315905,5.250702458665943,-3.7278533628239705,-7.876496778014904,5.928847813669861,3
6.866977715569225,-2.698999784911408,2.5021496718542453,-10.25141968038248,8.622099627660374,4
6.886389207331889,-7.890163940901244,-2.256718262803264,0.07654180636491015,4.5778513813672355,0
5.591828414503901,-3.446645972129705,1.891616561037622,-8.270877311851134,9.471916900159558,4
-2.1278669096807796,3.2812268502126836,-4.47524283924042,-6.508070291549313,5.159956407652174,3
-6.533894080195127,5.096393955558897,-0.7504072982723979,-4.598154159451957,-0.9469746019078098,1
9.891432698014546,-4.405796274559263,-2.63223156183862,-1.6851915812259735,3.1639362964790076,0
8.214264312451968,8.64232942483061,-8.362342245374693,7.835543330055911,1.4082499972570042,2
9.104804159365893,-4.999302908872389,-0.613359111057209,0.5338871186525189,4.385330998551375,0
9.056549867804845,9.64319337146732,-7.8191250396481236,8.054178732266724,2.9057565277407758,2
0.8109016183395157,5.936055214376851,-3.453569877892488,-7.371672343982337,6.1526235754207494,3
-0.3647111966226255,3.903280980459818,-3.0981886099482674,-6.163408514581814,8.6845093030974,3
9.07203836583771,6.2822782131208115,-8.202526815921463,6.599699260531551,3.1369961058118445,2
-5.796063418142336,3.873620806114789,1.942492527692199,-5.42651901651714,-2.529069926909811,1
9.59531124760469,-3.3991720233751304,-3.2090163003258603,-1.334073575084014,3.5820959017058467,0
-1.9951776758167334,2.854076163260573,-2.5787546691772425,-9.625838216259446,5.043677825869125,3
9.916287302820423,-5.485968357001315,-3.6126402210534008,0.4587619558847298,2.407723683321364,0
7.5018669351877305,8.273147227940617,-4.804136675254365,7.016874937174004,4.049456959122124,2
9.499738694872502,-5.397579882212343,-1.8524601886213028,-0.03942253896520609,2.203940431321862,0
-7.07188313310453,5.476194692056885,3.231610610309517,-1.8513992121299256,-1.0545690792083033,1
8.818613366311684,-6.743398356426677,-1.0413113099419355,-1.947390911730928,2.112485653720033,0
-4.434915696569605,7.045354380955162,1.9928863907831738,-2.3672746882091746,-2.958269573076468,1
9.349789245164775,-5.524344122507636,-0.10383229747535094,-1.2206464887108481,4.76273384116696,0
6.280872372035554,-4.730380173439888,3.937707607087076,-9.090827513351677,9.234399152581746,4
9.347001430488838,10.708563615124035,-6.422134214565796,9.303754323075083,1.4981163437874931,2
7.731648255084015,-5.676953519848225,0.784613284799085,0.014653239411075214,2.9521057911748834,0
-6.34691423538112,3.427314183283832,1.9749970360781344,-2.023097415290774,-0.48495819510266736,1
8.500952251163142,8.470338770967171,-8.557817727667159,8.259570789913619,0.8723490740028268,2
-6.465089796757273,6.808633374583403,3.276939402039954,-3.325976145423899,-4.11277966491428,1
-3.8851728157621843,5.2380222553072535,1.9195937425053682,-4.029291550265157,-1.6742381317047976,1
7.236218052811815,-5.340866851495829,2.2885481614085714,-7.1421822906217525,7.816853681699014,4
8.763945970408471,-4.823007176206375,2.8220687949573833,-7.185820530937445,7.152883564563528,4
-5.332465360199204,5.462671905945199,1.960740950999701,-3.449775577032456,-3.345874392778465,1
9.843836497834461,-5.495559449761556,-0.5049757050653385,-2.7757790378741305,2.2172255529420495,0
9.145766902078927,-7.267779294707859,-1.7496518649824577,0.5820440255573311,1.467238764824423,0
-5.624550527519167,4.200190337654125,4.046339561536561,-1.7858084736366096,-0.9121086009455768,1
11.164670384500097,-5.768563720130493,-0.57119873586072,-1.2768217558556125,3.554897767244243,0
-5.063844531402572,2.611287131006739,2.301508265757018,-4.497333556924683,-0.8279054525252267,1
11.265170006765779,9.08970788471664,-7.091978030963543,9.356351138968437,3.0911227428686634,2
-2.1301477228731276,5.420022617471597,-3.4887055092945074,-6.994402412924399,7.782185473984699,3
5.953724781213684,-4.893503991540226,3.453628781561369,-7.822750072658576,8.723235558503879,4
7.889922043740915,-5.841542686816838,-2.4668280184908147,-1.0774762747415132,3.0675496225555463,0
-1.5557223617993856,5.575490460787669,-3.7755279859308066,-5.968036545367216,6.054150537041962,3
-4.031451746050898,7.236531494379037,3.899552509749909,-4.559312051667737,-0.8641293789890119,1
-2.8775424058796526,6.275081736695259,-5.430542173891057,-6.29073053635773,7.878149494229744,3
-4.96937374720699,8.210911324601598,2.799360368818556,-2.510466219056278,-1.8997676532233683,1
10.710278480235353,8.151733932187438,-9.026296822986335,9.457774661351117,1.8367124888172275,2
8.935005047481377,6.669917137973556,-4.565895398029803,7.040844034333725,3.4720381415471597,2
8.423503519606175,7.403309724963275,-7.969910431053721,8.574297483695027,2.3578939597992203,2
10.08451576239369,-5.329124184227695,-3.099604374517746,-1.2532320166523014,2.7591221131142625,0
5.42278248616967,-5.178693148222638,0.27290716023437,-9.121873760572667,10.056732867748408,4
9.837997556601625,-4.6841558893245026,-2.9505425468219704,-0.6119156366813256,2.6821761595887517,0
-1.76876387786558,3.9262548894466978,-3.7543204361683675,-5.826501525720466,6.445969078030892,3
6.902390929003884,-3.742831202679765,2.8048387702240536,-8.749440387290509,6.891985340733273,4
-0.9011439497240386,5.677275341701178,-3.513746811326579,-6.393729851303083,6.386237773427432,3
9.379069193584003,-2.7451006061380565,-1.310328521276118,-0.01405436327947518,3.2886825715041903,0
-8.510579086378446,6.3896873110756855,1.3232995681126447,-1.8317435492756238,0.3526977133530149,1
9.093797191932603,-4.873585957408571,-0.01267937126984009,-1.8771155799131511,3.3375916519985527,0
9.576482255174929,7.840071587036191,-5.805962777102831,9.305820851209397,2.1730309171021416,2
-9.238616556280713,5.182059893402043,1.3824850635597774,-3.266837528033249,0.2388008992914905,1
-5.509066999370845,5.786419219834243,1.8484970187727652,-1.9163752416907336,-2.8563854612943613,1
7.428735170435553,-4.226068696601255,3.3018504324452422,-8.188947894571328,10.336493681890621,4
-3.4989494617041155,5.790875942564936,0.44433490985992674,-3.335241995156575,-3.513008976693672,1
-0.6204100175604079,4.5548237727382,-2.6833627474405257,-7.207721714193336,7.6816496389093665,3
10.529045398488668,-6.612684013069064,0.9028616960687281,-1.153279105126534,3.5248601498358694,0
9.139546867385652,-4.710005428521377,-2.0616644239901643,-0.7423484339147696,4.060179859630589,0
-1.4334155257269667,4.551164786052462,-3.224388855042961,-7.056971714278281,8.799401046416499,3
9.412646780696809,9.244848650218929,-7.448145580244725,6.699007300087372,3.906548726331211,2
-7.369579880370919,6.103626620900072,2.3152625837033503,-4.101578167317539,-1.8422615203121553,1
-5.794188393554711,7.263236140154871,4.361759640195643,-3.1813347447939235,-2.5542699782775036,1
4.158403526275336,-2.4546137561767654,2.180086168607394,-9.805924504939261,10.42032675993106,4
-3.107500710880477,4.657466724018834,-2.90002236480241,-8.832151204704848,5.7180065542796665,3
11.35662111574404,-5.373333646257433,-2.5882929212176604,-1.0827293444888397,2.98409095483353,0
-6.306416926787508,7.843423253008582,4.768392907699287,-3.8279173826709725,-0.24877689281637405,1
-1.9544379527038531,4.583499757156914,-3.5101071236310726,-7.181745874172487,6.6292047300296675,3
-7.19041634003331,4.901822487887209,1.5316176550510536,-4.332923747150424,-1.6800010036470692,1
-0.7471537536268452,4.84038047483676,-3.6133083452160593,-7.914537796423461,8.035423658470732,3
6.241835966927395,7.872316127520345,-6.37205488737917,9.190697273201927,1.906592125169676,2
9.41680708639493,8.304964827417928,-6.350728232356138,7.983294982417151,2.605176596424919,2
5.536055347562993,-3.4621552101451036,2.715645328281538,-7.415880552967167,9.614111570570614,4
-4.5633543385510205,6.629569759206004,3.4399918462481303,-2.6294646050414996,-2.3737150108386484,1
7.821832393997999,8.998408418597279,-5.136740584618678,9.308326711825412,1.7125152619955366,2
6.383012345136507,-2.6432788959859588,0.7172744973275456,-8.312284269896129,9.20831203683231,4
8.865462537874473,-2.9048169793106604,-1.52166550860869,0.4598653588706705,2.21427313550104,0
-4.698703634808447,4.7786702960540755,2.280806958847262,-2.2785965769263825,-1.8687086165515148,1
5.2881998336811,-1.5582798219434741,1.766973424535638,-6.975611267777159,8.712073541629636,4
-3.3511319109631854,4.540332390603277,-3.344807775437889,-9.944981744201344,6.583630279655335,3
0.32055976092672034,3.549404251238068,-4.89392155660848,-7.424256263340763,6.727786095916431,3
6.385594105872271,-3.321194995863552,3.607448729793413,-8.114462715638245,7.527833684407613,4
-0.3890824648683916,3.227589019376013,-1.8710594745626707,-7.927586143322549,5.310240091122203,3
1.2157296725257964,4.162417887934081,-4.983614302124194,-8.389034481827613,7.4487685204864995,3
8.369708569896675,7.383000479819508,-7.024151443259285,5.966949468900493,3.48061887031261,2
0.45942677274500987,6.370414390312191,-2.6482729232783546,-7.4042677534177805,5.647665002974603,3
-5.770916482730549,5.141311406123406,1.9525438162719786,-3.3999598709237073,0.8992874342132309,1
6.154127185596092,-3.58643037836797,2.7539370107626056,-4.784884341518071,6.9248853284490846,4
-0.013161563663477871,4.606123877402857,-5.447808195540004,-7.045556762187821,9.225527616742816,3
10.039802132069422,-4.407281504134391,-0.8323369946486664,1.1208146192635051,3.7811654055390793,0
8.899084128005168,8.483585734214815,-7.295958350421315,8.866266498572305,3.176286335113307,2
9.5282830595113,11.454808510118077,-4.980944406242916,8.758409338049686,2.3476186542808355,2
-6.533932419957296,4.1476102359900535,2.6049126354551664,-6.7878583162937804,-2.063035521559225,1
5.2701967860190555,-3.9434448151289283,-0.9264232269813752,-7.971266426404492,9.523914699755764,4
-0.5532277782594013,4.042474188251562,-1.9964539583809684,-7.063451909896842,5.279124197465085,3
-1.4002767308993467,5.043081788376197,-3.4281101305491193,-6.321740896787595,6.0356298173132075,3
8.5659196160026,-3.692358091107315,-1.540885221919569,-1.8220816350950848,3.8880788215238815,0
9.577958602299722,7.943731600734608,-7.548861601861482,8.649927603278725,3.6881367619024306,2
5.628334084031412,-3.171908033744316,1.01482355539396,-9.154437583785562,7.680506755946997,4
-1.2059469846153898,4.116299842169664,-5.663380475967061,-8.199708142474469,7.919976592585892,3
6.964846612872378,-5.002536733063929,-2.123767748636421,-1.5174261867727763,2.831989090323896,0
-0.9263408608987864,4.1236733445529445,-5.299495707585105,-7.0384333829230945,7.059841555654907,3
-6.203885393439511,5.760240756323375,2.0102405967086265,-3.638900458763311,1.1952396977873598,1
-6.123844291296109,8.125147043167757,0.23554126111190699,-3.3369161603707487,-1.7604929607133193,1
9.477305725414661,-2.333800941232314,-0.9813568078848013,0.5113893983026547,5.47165159618936,0
8.070268142908354,-4.407862060320153,-2.353699715751628,-1.5288935934965435,2.5440976151036696,0
-5.245111980372064,6.202463426576161,1.8252862554073246,-1.0739021459327223,-1.6763001824104322,1
7.74698757434207,-6.176795847255797,-1.8313865194664223,-2.39464099608611,2.5542433507900277,0
-3.9384384010045945,5.853864700461773,1.711561785929432,-3.1618423599274847,-3.763161550966169,1
7.740691471883263,-3.3003370531333958,0.7105043629102819,-11.054657494918333,9.333225830114026,4
-1.5455164868946312,3.9817543973371516,-2.052013347097775,-6.859310749302076,6.2332644760029075,3
-5.506169502100486,5.354892361818939,2.442899823083687,-1.5440771746651405,-1.8492419189567433,1
9.33996280347201,-4.477969144859749,-2.6994999690461783,-1.5487505115027127,4.166201122732565,0
8.698786516444857,-2.734480828291993,1.6793864330638737,-8.740249336429107,9.60309209184668,4
-5.881831265139554,7.3415674621762355,-0.2008589720449998,-2.6185600456532314,-3.4504602667020623,1
9.732998095254795,-4.044430165379213,-3.100658163219401,-1.067265897754265,2.225649663753707,0
6.091432810735808,-4.841636636342239,-0.5090818894230567,-8.141515788145556,10.222259449875118,4
7.378413101457296,8.440324471182176,-7.136659638898919,8.438055169925637,2.7293979518182807,2
10.374291368615301,-4.118327200268762,0.6832767081217117,-0.7390468429631519,3.5190191872841967,0
8.289177858796979,8.266125473977308,-9.915253384783824,6.936574053701864,1.5709695664048784,2
-8.069448200118853,5.1754471512726665,1.5743207688800926,-2.442016127064196,-2.794099242731911,1
7.734377442145281,-2.398206012761568,0.44287438902928544,-9.933096574788703,6.998310474348651,4
-0.6673290768669391,4.7995983446149975,-4.279784479638166,-7.090977100526959,6.370163536514481,3
-1.4010644774362826,4.389366837325991,-3.4373032082498414,-7.743969338995149,7.785598781417212,3
7.801628520666814,-4.347543233748892,0.7125061193396363,-6.828797129254415,9.336900986018044,4
8.1008855387145,-4.608999716246476,-0.7010892782336478,-6.181002026578751,8.101915477083297,4
10.990739207925188,9.282698723917354,-5.756659683387158,8.001507405756742,2.6600116655117074,2
-1.525961272498196,4.443844547576891,-3.584309395056131,-7.416934315755594,6.938241442903021,3
5.172928658030983,-1.0611038983684948,1.2528650467671982,-7.030058581604382,9.73040018251025,4
8.947188310916234,10.273735638532544,-6.326603672658443,8.451852853517615,2.6872943818760455,2
-1.1969019268935868,4.269354412558433,-4.762704855458854,-9.090099783569897,7.115958703808806,3
-5.286223135411624,5.116084905622506,3.3851996851447193,-5.268404762620786,-1.9651981626005635,1
5.97327069922874,-2.4201291230473254,0.8205151509553597,-5.691747339209533,9.177756115957587,4
-6.316717821293353,7.338107504451414,0.73612053275689,-4.719906967319367,-1.750719987895152,1
5.412485520228486,-2.546719178326558,1.70210947153922,-7.161047705778843,10.616794630465087,4
6.800681554201969,9.766126386011372,-6.764693324751608,9.70838930294138,0.09295672524250831,2
-1.7975440389368997,6.705750282878384,-3.030406717326004,-7.311536857655845,8.16874706371413,3
8.322965398001358,-6.395966582766062,-2.9429234947997673,0.651107842580678,3.3663440237026916,0
10.649959393616864,-5.1970666802557215,-2.2379704071293984,-0.12547450183148523,2.1868736373466904,0
9.7404050541199,6.222066035844671,-6.822666530701184,6.48227149380628,2.358470792327917,2
10.712787437725343,-5.235343383424913,-3.1078862204455793,-0.403787527175508,4.249633163620622,0
9.87502072090294,7.539778949568993,-6.139688019644328,9.046535551640673,2.1443234576498704,2
-1.8117592728092147,7.139764177437742,1.176761453290726,-4.669571395765125,-4.864337121251874,1
-1.2744123358341735,4.2348952722043,-4.68980511077279,-6.973682047366507,6.585196820024467,3
9.279794371824954,8.478891709644884,-5.862102244135356,8.982217635223737,3.555733458738849,2
-4.680092738802176,3.796072858002532,2.9013571677915153,-2.4994497193266443,-2.217187401110583,1
9.443095280871251,7.8349105013622715,-4.355978101967837,8.121765537837081,1.337631842963319,2
4.008338668725884,-1.8556514523395597,1.8727236661456026,-6.642579696431124,7.695006289425627,4
-5.29191706447769,4.8227560158062115,4.352888902552412,-2.683800306047471,-2.7790110220624795,1
10.159219068034222,7.082888529452332,-6.468497666633373,9.191684903162596,2.5987351418847355,2
-3.097109823920843,3.178949617416629,-5.58140982468752,-7.143149401305806,5.406831033074627,3
-6.391193062361499,5.556106179582499,3.1653859969570766,-1.7657818059596417,-1.8997602864840701,1
8.528842844466688,6.608134780872266,-4.462145701830016,8.00852351829348,2.820124040574515,2
7.182473601170577,-2.8488813987383215,1.6893687512348634,-7.4140960797569235,10.570241495763586,4
-5.265681824285849,4.335793629457585,4.1005852290565885,-3.365544973113832,-1.301802304624693,1
-6.632892542287941,4.032251776651513,2.6074074808733214,-3.9018743925712815,-0.5175978148835432,1
7.946601312957109,-3.394304851568328,0.7635691207703185,-6.151260042573465,8.646586175467084,4
7.605125125105402,-3.0142585876448456,-0.2952329830980611,-9.588954246121766,8.265469097884974,4
9.695281847729083,-5.621831489783102,-0.4765925589792892,-0.5683956976610417,2.0390945795572497,0
9.021108831847732,9.931462073698462,-6.9257586382415,7.082814870056737,2.869084865118241,2
8.249847297484276,-4.993124191917855,-0.33552997037649135,-0.8486956467952543,0.6534024287075999,0
10.006654149897692,-4.920700488377706,-0.12800018972123617,0.038011941693511964,4.795222783648645,0
-4.9801552366716635,4.377893419652917,1.074066102974245,-2.0182581585682122,-4.181941670857242,1
10.280359094825354,8.096017237166626,-6.1023281019334386,7.431848731432515,2.050029065369501,2
7.704259668516193,11.845113288348342,-6.058448552812159,9.306108846631815,3.2661142869318143,2
8.233790276176265,-4.8016453443151015,-2.5874296216712276,-1.0040221205969118,2.038463090666215,0
-4.619349954640581,3.380538165672384,-5.868796103159729,-7.619788692161616,6.818051323935658,3
6.740155037488309,6.027730083615111,-6.228951321227263,7.053310676159629,3.6430476342869187,2
8.840044133535782,-6.01465649021249,-0.7674642924774832,-1.2941261779370072,3.9343563466110427,0
11.009736608677079,-6.211019932306615,-3.2242531464911126,-0.2776979424404573,3.664748747373426,0
-1.2677823699858963,3.4836603950375604,-4.754051350958697,-5.52004531277875,6.206600141039917,3
7.6880939277531475,-1.0620270984613525,3.0328378482623686,-8.854360702629442,9.066850926609003,4
8.52927931689063,9.4096061373936,-4.7296286499825255,9.254271390014264,0.36208669622881073,2
-5.28762177645937,5.452763611191477,4.206127505810768,-3.0115023195715547,-2.508770739114342,1
-0.04249554657172783,4.885639775359701,-4.104352708613853,-9.010968958857664,6.392442337763437,3
8.507828172470289,8.316712653592756,-5.4775853523586875,9.812971526986052,4.107339466429288,2
6.5861587943076065,-2.5156226119452834,1.8070444787636608,-8.527695946309134,8.262552909612488,4
6.794944309734578,-0.6948285340665592,1.9449050185703172,-6.069966368769665,6.4766069408772555,4
9.849398337723263,9.577645371455938,-7.259658107529649,5.310409391078434,1.7184501695615217,2
11.476074491291069,-4.642064657345115,-0.6710139611575947,0.9890316073336873,3.663898558320924,0
-2.2039331704841603,6.416093171233627,-4.621399177862906,-4.088305628633345,5.620518270227676,3
8.179828066492238,-5.9207373943998025,-2.5119244780401315,-2.2354580515890947,3.659356048335402,0
9.08598259193101,-6.0805057467824675,-0.5339537835959836,-1.3358280261843114,4.903600307006025,0
8.21469563365547,6.668224062933887,-5.148141996544746,6.538542920948385,0.36827930203587167,2
-6.967407986902598,5.025009028159654,-0.6165852607234346,-1.844004158815776,-0.7096473388751554,1
8.429082922153757,-7.844001165280023,-2.065168125000292,-0.7053262089964059,4.112598881201546,0
7.893164754399036,9.607012465782258,-8.006840777068723,7.648123615466339,4.868853978312238,2
10.06392468131322,9.183955628871088,-6.473178656440075,5.89011247878957,3.3519878554247637,2
4.7598219390508065,-3.245260161748129,2.017529150657677,-6.121184252058801,8.604623712101846,4
7.869239907790795,-4.797994149092692,1.7675768516972243,-7.832809862813212,9.94017349922742,4
11.921932769728029,-4.419940883072243,-0.7148031959328814,-0.832147764098672,3.3167209362153507,0
8.9220960894216,6.959876518472555,-4.526171374241569,8.478648517762592,1.9826966243072417,2
5.725291748158474,-3.1818456613552044,1.742788400544782,-4.39690090221149,10.07514957674747,4
-2.7718694425825605,5.553180078782774,-4.911300958378609,-7.710799653908543,3.105104320748169,3
7.261789582692359,8.173400353632687,-7.931210108240946,7.53568991529211,4.0523545603918425,2
9.617529975135465,-4.104904910530197,-0.15654874906782745,-1.2412442721952526,4.112572448109812,0
6.14170782932434,-3.9622026030816824,4.373831754755274,-8.787135722228623,7.94864355369657,4
8.827693565218974,7.3825063514353975,-8.265575972796027,7.49177298578885,1.918714746004442,2
3.712513856480557,-3.18710750091624,3.851709238099865,-9.7851914641981,8.851420933782656,4
-0.4354163266981894,3.9674849670919974,-3.661415693568337,-6.855370758791876,6.070983116741143,3
10.001956343862066,-7.9113045823038775,-0.9837562621567939,0.6505642287733548,3.5709995904285687,0
11.213255025039512,7.195237581062655,-6.424854406535174,7.55603758492326,1.80544484619146,2
6.021311760947583,-5.362315641113248,2.2895825135798846,-8.253649063032736,8.760745978374672,4
7.451645755127583,8.55007153110121,-4.419026702568319,7.049551203519757,2.7720254375287654,2
-1.3389292194393718,3.7151066330781415,-3.7092282804417267,-6.286140307349542,5.652778028146623,3
9.796291059100142,-5.027314465770553,-2.1636727776500537,0.24893121107279037,1.7263080965901922,0
9.81574804605823,8.299522440210705,-4.625718619188483,9.082419271950952,3.18536727800358,2
-7.163047549753454,7.365537759887714,3.9328810480418666,-4.125108912374413,-1.7155189224859833,1
1.0196081307995164,6.429757409912254,-4.20338579338031,-6.0910634735892,4.410584448188434,3
6.059935170625394,-2.8796784813865983,3.065542502858599,-8.5418987718396,8.897646707764494,4
7.010733824880512,-4.311831481462919,0.7922070911428334,-8.207313608097495,9.444758276111095,4
-4.616252232792567,5.211016672319396,4.268634485590093,-2.799914614477337,-2.004456873896121,1
6.2462761241201585,-6.298253172227783,0.18956410049390815,-6.899028865580415,9.685602999855895,4
-6.282274578455351,5.845971238089051,1.6143098631833726,-0.8682557251841825,-1.6009837097414135,1
4.204000170651939,-5.10600446324007,0.8536006060975003,-6.494009846646978,9.969401283217826,4
-1.4521017174251478,3.171036056786293,-4.594648674669607,-5.43498592450891,8.16305790717834,3
-6.939467337142386,6.09116520191445,2.6579311557937553,-3.14335723738324,-2.052341713288233,1
5.394661730672591,-3.1476673250751124,3.5486269903094305,-9.060170549515586,8.176533786804317,4
11.215185310243635,7.123489528750459,-8.299977646008738,10.829658720876084,0.9305447114462577,2
-4.483308921481392,5.559150380890534,-5.117658325631779,-8.11135689739855,6.7750684290079715,3
8.071925309714633,8.172762442569399,-8.57276529747043,8.518318459750228,1.5845679482812804,2
8.422497528867776,-6.78416631212842,1.8409254708431155,-1.3601144412041557,0.8532379576637887,0
7.684499154101475,-4.113746645796811,0.2279889535403803,-9.293325631521007,9.945614040221287,4
-5.414301451770647,6.58422982541787,0.24292130919125765,-4.552520898219962,-2.839250112478496,1
8.60230773744555,-4.206313738641251,-0.9380805460759981,-1.3763253254432661,1.7868684224520013,0
6.164226337439374,-2.948645268314186,3.084822530665315,-5.475492829188145,7.4741791314327415,4
0.6928734675031771,3.371331623171873,-4.191882765057034,-7.281266170472453,6.126322950653001,3
7.3771704096322805,-3.828978985189349,0.2424577702451951,-9.435302599432198,9.181882282933955,4
-2.2592018865500076,1.2384690748633478,-4.380367378250477,-5.111209428055329,3.6333418140375078,3
1.2811053813011242,5.183970160107163,-2.6296139068202713,-9.806507222879441,6.645346346917037,3
9.663498348599735,-5.3645473633341965,-1.1760606377896958,-0.28022505904185147,4.640633072895806,0
-1.3432034390552705,4.537470090458492,-2.6012840506871813,-8.98332089464315,6.915280534833741,3
8.378315340869525,8.715484515609315,-8.558962567419115,9.185335317940206,1.8550080101078028,2
9.298376674538494,-6.012564840366557,-1.61268219103684,0.9560117724491823,1.7652800171196938,0
6.613448912856388,-4.002080760319919,-0.7304404952155403,-9.903754003910116,9.11078176829176,4
11.330283053983958,-5.423327568006659,-1.611691462928027,1.5629516801212202,2.8129688966738136,0
-7.455152900744637,2.441449336858677,1.3978119148325463,-3.4154390693872134,-2.7316811566830324,1
6.465328691379064,-2.694151703214674,1.3837859590529562,-8.807010193896561,9.293739763833225,4
7.01428872042443,-6.196656536337773,3.4898473069122202,-6.786414843436021,9.505207111473705,4
-5.001819698401799,6.012743524836288,1.693848575855016,-0.31798141962333304,-2.91285691360805,1
-0.6953359582285898,4.131000061435978,-4.311597711480828,-5.7680492630226885,9.328334796043464,3
4.788115556185504,-4.756602469902452,2.716145559616997,-7.710446111936305,9.529656081766518,4
4.320584431730616,-3.9233554312871735,2.715895429088153,-6.291813711821381,9.53699347789139,4
6.7127583628523535,-2.122288846346451,0.7349713507484285,-9.048208789262926,9.23950725398797,4
-2.5042835619141783,4.411457517836367,-3.6514203561232965,-5.566641320383079,3.969344614775834,3
7.625090270027934,-2.502237173866538,4.633422724959473,-7.705696562351635,8.089099556414883,4
-4.9643144398650385,4.528151426822856,3.6296723302115304,-3.373207272198097,-2.2882723390583632,1
8.103577028454506,8.069161038049758,-6.9067667989886345,6.67836427666952,3.47752333422022,2
10.088734924711764,-5.713704367062113,-0.03397844306505182,-0.4846185430997953,3.35698963865764,0
6.173605331835904,-2.8177420413633825,2.8236268447124067,-7.164153987113826,8.29685241647284,4
-0.2737579971435935,4.232599153750474,-1.712828369887039,-7.102905830308834,7.242814441106486,3
6.600555484676616,-3.71449588134914,3.362295261533781,-8.87886326986279,7.513365010144325,4
8.898798127285069,-3.97090859065822,-1.9976435598880904,0.2987347702851637,1.2637001418139164,0
-6.143627153604714,6.109716185005157,1.2998542594699125,-3.284084864919707,-4.04828586538999,1
9.50330043291723,8.593546778350783,-7.5168143651569235,8.87617015300081,3.191136482785345,2
10.729845835841822,9.246435752092943,-5.732787603953458,7.988017950212008,3.528117537038673,2
9.771204439019161,-5.473011359534613,-1.1382570069773152,-0.8407397247483276,4.916577415557076,0
7.901535490296453,10.407905781119021,-7.8626654867995,7.520185434453527,1.719898704301324,2
11.52357782129592,7.66981989949477,-7.894796537074655,5.76573421395944,2.2002958655027847,2
0.054797094429871684,5.203337964349409,-3.374752236612398,-5.9251087127041675,3.6573979703852944,3
-7.447927876070704,4.5146338513534605,0.5148820638829237,-1.9566331326277504,-1.2887283346483693,1
-2.399497231647398,4.619588682138696,-3.7269743590961992,-7.087069696328692,9.558053940632954,3
-4.695280631271292,5.103529537417556,1.2249111228408358,-0.7894845544939839,-5.395514083104532,1
6.376207713933313,-5.798523815568787,2.303826459515976,-5.665572577249676,10.971439182895159,4
-6.029160844394649,7.2555037796664275,2.721219267766243,-3.0449082185032097,-1.1456872883452647,1
0.067731694925383,5.048898377686313,-4.992619931501749,-8.666794728506899,7.251949525405228,3
-1.3687492904639824,5.747765241605531,-2.884526845922628,-8.326905803872068,6.359322945673854,3
-5.722228959330128,7.615312531255825,2.4296828109903794,0.021653140762162515,-4.484665035247899,1
6.794576116492627,-2.1706554016472968,1.6073706741953044,-7.214449851075674,7.822125417148614,4
10.63709717151793,-5.870657626023589,0.05372957335967499,-0.12220093795423226,4.114846248386989,0
6.136351285356948,6.298391759703737,-6.544389514947915,5.897647193981611,4.049131761895603,2
7.971125785726405,-5.36910746650385,2.5094968117424883,-6.994580691457493,10.417678560332083,4
-0.6678726423200404,4.503897099391995,-4.6184578837095245,-6.338424242044264,5.645741557799817,3
8.466358288679832,-6.5539362647351105,-0.9351227677937087,-0.348211466162721,3.2163707800541315,0
8.987874500381837,9.94415493447396,-5.338817569144839,8.885980337634662,2.3887013783172475,2
-1.4280012824739157,2.922772623021543,-4.0387640465098205,-8.32951036814563,5.564044301041305,3
10.40872866831286,-3.605990344574745,-2.2319492322716874,-0.2475680643956022,3.8197458392270223,0
8.032827149764527,8.488405513177938,-6.816471386809599,8.668983696779655,2.5424927913597912,2
7.562434391478189,8.788687326588814,-7.084704977266029,10.464757696128151,2.4736888525846545,2
5.766273795907452,-1.7495572017326186,2.576426002943351,-9.077192242890876,10.127051703998015,4
-5.374896754301989,7.37941633308267,2.384185474785992,-2.1228305859117973,-2.1421909641412684,1
-6.071543873933129,6.199298645546901,1.9941284064298916,-4.478281505329705,-3.4704618724716507,1
7.936325832972903,-4.232407545550119,1.6342883997643098,-7.915322362276036,7.816934051182576,4
8.843448361763707,6.29867660888614,-6.706181512254853,7.479692764836872,3.9897308052116287,2
8.189032118991324,8.266889173727606,-6.496796753134897,7.977714645324442,3.2339495992928926,2
0.024875154392832055,5.359439826970822,-5.00536298288285,-7.228030147608235,6.782616805182229,3
-1.642994281221183,6.158615847380118,-2.4920479560843294,-6.685238267390081,8.293221821482598,3
0.1886642615598706,4.7305357697370605,-4.184391630777842,-8.345887670838586,5.437199409427855,3
-3.1809919100262127,4.9839269172743785,-1.7979543243042544,-10.697091243792048,5.525947722214562,3
-4.8276844171691,7.146289292792721,3.087374039341848,-2.3106425726867292,-0.5371333256110273,1
11.14386225899678,-6.729022040140227,-0.5343619364649272,-2.0599999765025663,6.337986461229086,0
-4.815681732394969,6.702375818849455,2.1257641961257643,-2.3508287940263792,-2.461274920247145,1
-6.450818571650093,6.26329441608413,3.511833000491501,-4.241284179629314,1.1201218838399312,1
9.228265552997028,8.760652084146571,-6.889037858882353,6.2340138263989315,3.248801112527672,2
9.623554012297573,7.757049483163462,-7.5682104186052275,8.455105405458731,4.945370734131056,2
8.656820458016508,-3.7111948277346523,-2.87158309280408,-1.247611201217191,1.517506053167461,0
-4.9979946835595985,7.600516225407198,2.0514329207911466,-5.134591250924224,-0.2472770145760852,1
-4.669460243075974,5.441516970814103,-0.42399607583687215,-3.4690497441602446,-3.3177200384068137,1
9.204839156047635,-6.716466318565634,-1.2122535564973418,-2.367526754824465,2.2438706112808964,0
